0.444 0.153 0.074
0.490 0.161 0.065
0.559 0.169 0.081
0.582 0.155 0.094
0.507 0.164 0.055
0.630 0.153 0.095
0.628 0.169 0.097
0.538 0.155 0.078
0.643 0.166 0.081
0.575 0.162 0.078
0.652 0.164 0.076
0.523 0.164 0.087
0.434 0.166 0.072
0.689 0.164 0.100
0.471 0.161 0.082
0.593 0.150 0.088
0.561 0.160 0.083
0.630 0.161 0.068
0.691 0.151 0.101
0.755 0.154 0.112
0.713 0.153 0.099
0.535 0.162 0.058
0.661 0.161 0.083
0.659 0.163 0.093
0.599 0.157 0.084
0.541 0.159 0.071
0.605 0.168 0.068
0.578 0.154 0.103
0.794 0.170 0.169
0.522 0.160 0.075
0.610 0.149 0.115
0.555 0.159 0.094
0.607 0.153 0.093
0.531 0.165 0.097
0.510 0.153 0.073
0.638 0.153 0.097
0.621 0.159 0.089
0.463 0.160 0.092
0.569 0.157 0.086
0.636 0.165 0.081
0.553 0.144 0.093
0.618 0.156 0.091
0.698 0.167 0.093
0.665 0.160 0.085
0.476 0.163 0.070
0.539 0.157 0.091
0.437 0.164 0.040
0.484 0.155 0.070
0.565 0.157 0.071
0.268 0.158 0.032
0.286 0.164 0.036
0.269 0.164 0.035
0.389 0.166 0.066
0.390 0.148 0.038
0.328 0.168 0.046
0.456 0.172 0.071
0.518 0.157 0.068
0.459 0.159 0.070
0.369 0.151 0.056
0.439 0.159 0.067
0.522 0.160 0.084
0.679 0.160 0.096
0.440 0.163 0.065
0.449 0.157 0.067
0.568 0.164 0.080
0.668 0.170 0.100
0.530 0.156 0.081
0.456 0.158 0.103
0.576 0.158 0.091
0.556 0.157 0.087
0.528 0.165 0.069
0.475 0.157 0.063
0.631 0.160 0.093
0.576 0.159 0.085
0.620 0.164 0.086
0.638 0.161 0.079
0.561 0.158 0.098
0.634 0.159 0.109
0.661 0.156 0.099
0.550 0.154 0.079
0.549 0.159 0.079
0.661 0.161 0.087
0.600 0.159 0.088
0.576 0.158 0.114
0.473 0.159 0.056
0.542 0.155 0.075
0.498 0.160 0.069
0.651 0.161 0.097
0.673 0.157 0.105
0.593 0.154 0.099
0.605 0.157 0.086
0.608 0.161 0.094
0.487 0.161 0.078
0.578 0.158 0.081
0.611 0.157 0.079
0.574 0.163 0.074
0.544 0.159 0.074
0.537 0.154 0.094
0.558 0.158 0.083
0.579 0.158 0.077
0.537 0.154 0.085
0.572 0.157 0.072
0.650 0.158 0.088
0.644 0.159 0.110
0.590 0.165 0.105
0.589 0.154 0.085
0.405 0.158 0.075
0.524 0.163 0.069
0.591 0.158 0.083
0.540 0.146 0.081
0.612 0.161 0.106
0.565 0.147 0.069
0.589 0.171 0.075
0.478 0.165 0.147
0.294 0.164 0.045
0.461 0.164 0.075
0.424 0.160 0.052
0.453 0.164 0.060
0.512 0.164 0.063
0.685 0.160 0.102
0.623 0.158 0.123
0.656 0.162 0.086
0.576 0.174 0.087
0.670 0.162 0.096
0.520 0.163 0.087
0.453 0.160 0.060
0.608 0.159 0.099
0.760 0.158 0.142
0.669 0.166 0.101
0.581 0.161 0.066
0.521 0.162 0.098
0.672 0.160 0.102
0.757 0.161 0.112
0.643 0.164 0.095
0.602 0.163 0.090
0.657 0.165 0.089
0.597 0.159 0.066
0.591 0.160 0.099
0.355 0.161 0.029
0.539 0.161 0.080
0.380 0.171 0.051
0.383 0.161 0.090
0.546 0.162 0.081
0.473 0.158 0.076
0.446 0.164 0.083
0.341 0.164 0.065
0.341 0.164 0.047
0.434 0.159 0.067
0.344 0.172 0.098
0.477 0.160 0.072
0.370 0.165 0.062
0.434 0.170 0.059
0.362 0.168 0.083
0.447 0.162 0.073
0.431 0.165 0.058
0.399 0.168 0.051
0.353 0.158 0.045
0.556 0.165 0.083
0.626 0.148 0.105
0.648 0.142 0.092
0.572 0.170 0.062
0.476 0.156 0.059
0.723 0.173 0.108
0.735 0.146 0.095
0.535 0.164 0.077
0.600 0.168 0.078
0.454 0.169 0.104
0.694 0.143 0.112
0.579 0.148 0.104
0.379 0.164 0.053
0.344 0.161 0.063
0.407 0.161 0.060
0.466 0.158 0.064
0.435 0.167 0.064
0.534 0.154 0.099
0.645 0.162 0.089
0.482 0.166 0.066
0.516 0.156 0.097
0.586 0.154 0.098
0.517 0.162 0.062
0.456 0.154 0.083
0.680 0.162 0.100
0.455 0.166 0.060
0.477 0.165 0.064
0.434 0.164 0.089
0.421 0.165 0.066
0.489 0.167 0.062
0.325 0.166 0.039
0.424 0.162 0.052
0.290 0.171 0.065
0.768 0.165 0.141
0.747 0.159 0.110
0.726 0.153 0.099
0.721 0.171 0.114
0.505 0.169 0.085
0.544 0.161 0.080
0.549 0.171 0.083
0.559 0.161 0.081
0.525 0.164 0.086
0.497 0.181 0.076
0.651 0.163 0.090
0.622 0.162 0.083
0.638 0.159 0.080
0.517 0.165 0.100
0.765 0.162 0.110
0.780 0.158 0.109
0.701 0.149 0.112
0.746 0.159 0.111
0.728 0.171 0.114
0.686 0.161 0.102
0.502 0.164 0.074
0.550 0.163 0.073
0.479 0.132 0.038
0.538 0.168 0.084
0.627 0.161 0.096
0.559 0.156 0.078
0.682 0.158 0.082
0.633 0.148 0.088
0.568 0.156 0.078
0.561 0.174 0.092
0.570 0.162 0.079
0.620 0.165 0.119
0.603 0.160 0.090
0.619 0.164 0.088
0.625 0.158 0.105
0.434 0.164 0.089
0.447 0.140 0.050
0.585 0.164 0.100
0.693 0.155 0.127
0.737 0.162 0.111
0.642 0.161 0.097
0.748 0.158 0.130
0.766 0.160 0.098
0.552 0.166 0.075
0.502 0.163 0.059
0.623 0.159 0.095
0.530 0.163 0.077
0.755 0.159 0.127
0.747 0.156 0.104
