0.695 0.211 0.150
0.691 0.213 0.152
0.746 0.214 0.157
0.709 0.219 0.160
0.723 0.229 0.164
0.710 0.228 0.163
0.723 0.224 0.158
0.739 0.221 0.168
0.743 0.220 0.148
0.700 0.220 0.137
0.703 0.219 0.130
0.703 0.215 0.120
0.710 0.214 0.112
0.706 0.216 0.112
0.702 0.216 0.112
0.693 0.216 0.111
0.738 0.217 0.120
0.707 0.217 0.115
0.674 0.216 0.111
0.686 0.216 0.110
0.711 0.216 0.111
0.672 0.216 0.110
0.674 0.216 0.111
0.683 0.216 0.110
0.678 0.216 0.111
0.676 0.216 0.110
0.670 0.216 0.110
0.698 0.216 0.110
0.670 0.216 0.108
0.675 0.216 0.109
0.679 0.215 0.110
0.681 0.215 0.109
0.680 0.215 0.110
0.684 0.214 0.118
0.662 0.214 0.105
0.663 0.213 0.104
0.664 0.213 0.105
0.667 0.213 0.105
0.666 0.212 0.102
0.666 0.212 0.103
0.657 0.211 0.100
0.653 0.207 0.099
0.672 0.205 0.105
0.651 0.207 0.095
0.645 0.212 0.097
0.640 0.209 0.093
0.632 0.204 0.098
0.608 0.206 0.100
0.604 0.212 0.107
0.589 0.215 0.107
0.589 0.209 0.111
0.583 0.214 0.113
0.578 0.217 0.117
0.582 0.212 0.121
0.612 0.208 0.124
0.632 0.211 0.121
0.700 0.211 0.120
